! 0 0 0 32 178
" 0 32 0 76 58
# 0 108 0 130 162
$ 0 238 0 110 216
% 0 348 0 134 180
& 0 482 0 132 174
' 0 614 0 28 58
( 0 642 0 70 238
) 0 712 0 70 238
* 0 782 0 100 106
+ 0 882 0 118 120
, 0 1,000 0 60 82
- 0 1,060 0 70 24
. 0 1,130 0 40 40
/ 0 1,170 0 106 202
0 0 1,276 0 118 168
1 0 1,394 0 106 164
2 0 1,500 0 106 164
3 0 1,606 0 102 168
4 0 1,708 0 128 162
5 0 1,836 0 98 164
6 0 1,934 0 112 164
7 0 2,046 0 110 162
8 0 2,156 0 110 168
9 0 2,266 0 112 164
: 0 2,378 0 38 130
; 0 2,416 0 60 170
< 0 2,476 0 96 140
= 0 2,572 0 106 62
> 0 2,678 0 96 140
? 0 2,774 0 76 178
@ 0 2,850 0 138 230
A 0 2,988 0 138 162
B 0 3,126 0 106 162
C 0 3,232 0 112 166
D 0 3,344 0 118 162
E 0 3,462 0 92 162
F 0 3,554 0 92 162
G 0 3,646 0 118 168
H 0 3,764 0 112 162
I 0 3,876 0 96 162
J 0 3,972 0 86 164
K 0 0 238 110 162
L 0 110 238 94 162
M 0 204 238 128 162
N 0 332 238 110 162
O 0 442 238 126 168
P 0 568 238 106 162
Q 0 674 238 132 210
R 0 806 238 110 162
S 0 916 238 110 168
T 0 1,026 238 118 162
U 0 1,144 238 112 164
V 0 1,256 238 138 162
W 0 1,394 238 128 162
X 0 1,522 238 134 162
Y 0 1,656 238 140 162
Z 0 1,796 238 112 162
[ 0 1,908 238 60 232
\ 0 1,968 238 106 202
] 0 2,074 238 60 232
^ 0 2,134 238 110 80
_ 0 2,244 238 140 18
a 0 2,384 238 102 130
b 0 2,486 238 106 178
c 0 2,592 238 96 128
d 0 2,688 238 106 178
e 0 2,794 238 110 130
f 0 2,904 238 130 178
g 0 3,034 238 118 180
h 0 3,152 238 100 176
i 0 3,252 238 100 178
j 0 3,352 238 92 230
k 0 3,444 238 110 176
l 0 3,554 238 100 176
m 0 3,654 238 118 126
n 0 3,772 238 100 126
o 0 3,872 238 116 130
p 0 3,988 238 106 178
q 0 0 470 106 178
r 0 106 470 104 126
s 0 210 470 96 130
t 0 306 470 112 166
u 0 418 470 100 126
v 0 518 470 122 124
w 0 640 470 130 124
x 0 770 470 124 124
y 0 894 470 124 176
z 0 1,018 470 100 124
{ 0 1,118 470 92 232
| 0 1,210 470 20 256
} 0 1,230 470 92 232
~ 0 1,322 470 124 50
` 0 1,446 470 82 50
이 0 1,528 470 194 240
어 0 1,722 470 198 240
가 0 1,920 470 232 240
그 0 2,152 470 222 176
요 0 2,374 470 222 190
다 0 2,596 470 218 240
지 0 2,814 470 204 240
에 0 3,018 470 208 240
는 0 3,226 470 222 218
을 0 3,448 470 222 236
고 0 3,670 470 222 186
아 0 0 726 226 240
하 0 226 726 228 240
들 0 454 726 222 234
리 0 676 726 186 240
자 0 862 726 236 240
로 0 1,098 726 222 186
나 0 1,320 726 214 240
를 0 1,534 726 222 236
의 0 1,756 726 212 240
게 0 1,968 726 212 240
도 0 2,180 726 222 186
은 0 2,402 726 222 224
말 0 2,624 726 220 234
한 0 2,844 726 228 236
서 0 3,072 726 212 240
했 0 3,284 726 226 242
니 0 3,510 726 180 240
라 0 3,690 726 220 240
기 0 0 968 200 240
시 0 200 968 206 240
사 0 406 968 238 240
주 0 644 968 222 232
었 0 866 968 218 242
있 0 1,084 968 216 242
마 0 1,300 968 220 240
만 0 1,520 968 220 232
내 0 1,740 968 192 240
거 0 1,932 968 208 240
보 0 2,140 968 222 188
으 0 2,362 968 222 188
해 0 2,584 968 210 240
며 0 2,794 968 194 240
신 0 2,988 968 206 232
대 0 3,194 968 200 240
녀 0 3,394 968 186 240
수 0 3,580 968 222 236
여 0 3,802 968 198 240
인 0 0 1,210 198 232
무 0 198 1,210 222 232
오 0 420 1,210 222 190
소 0 642 1,210 222 192
려 0 864 1,210 196 240
래 0 1,060 1,210 200 240
부 0 1,260 1,210 222 234
왕 0 1,482 1,210 236 240
구 0 1,718 1,210 222 230
두 0 1,940 1,210 222 232
음 0 2,162 1,210 222 232
러 0 2,384 1,210 194 240
데 0 2,578 1,210 198 240
면 0 2,776 1,210 196 232
우 0 2,972 1,210 222 236
제 0 3,194 1,210 216 240
동 0 3,410 1,210 222 234
야 0 3,632 1,210 226 240
일 0 3,858 1,210 200 236
전 0 0 1,450 210 232
물 0 210 1,450 222 234
세 0 432 1,450 214 240
더 0 646 1,450 194 240
와 0 840 1,450 244 240
았 0 1,084 1,450 222 242
모 0 1,306 1,450 222 186
때 0 1,528 1,450 204 240
간 0 1,732 1,450 232 232
안 0 1,964 1,450 226 232
답 0 2,190 1,450 220 236
바 0 2,410 1,450 220 240
없 0 2,630 1,450 222 240
장 0 2,852 1,450 234 240
저 0 3,086 1,450 210 240
비 0 3,296 1,450 188 240
까 0 3,484 1,450 232 240
화 0 3,716 1,450 244 242
위 0 0 1,692 208 240
스 0 208 1,692 222 188
않 0 430 1,692 226 240
네 0 656 1,692 192 240
생 0 848 1,692 212 240
과 0 1,060 1,692 244 240
되 0 1,304 1,692 216 240
정 0 1,520 1,692 214 240
문 0 1,734 1,692 222 222
상 0 1,956 1,692 234 240
것 0 2,190 1,692 216 240
던 0 2,406 1,692 196 232
걸 0 2,602 1,692 208 238
드 0 2,810 1,692 222 184
님 0 3,032 1,692 182 234
금 0 3,214 1,692 222 230
치 0 3,436 1,692 200 240
집 0 3,636 1,692 204 236
번 0 3,840 1,692 198 232
새 0 0 1,932 214 240
공 0 214 1,932 222 234
당 0 436 1,932 220 240
국 0 656 1,932 222 234
날 0 878 1,932 212 234
든 0 1,090 1,932 222 224
머 0 1,312 1,932 194 240
람 0 1,506 1,932 220 236
속 0 1,726 1,932 222 238
레 0 1,948 1,932 200 240
작 0 2,148 1,932 234 240
할 0 2,382 1,932 228 244
돌 0 2,610 1,932 222 234
너 0 2,832 1,932 186 240
히 0 3,018 1,932 200 240
방 0 3,218 1,932 220 240
성 0 3,438 1,932 214 240
빠 0 3,652 1,932 232 240
불 0 0 2,176 222 234
난 0 222 2,176 212 232
진 0 434 2,176 204 232
운 0 638 2,176 222 224
예 0 860 2,176 206 240
건 0 1,066 2,176 208 232
각 0 1,274 2,176 230 240
개 0 1,504 2,176 212 240
르 0 1,716 2,176 222 186
겠 0 1,938 2,176 230 242
런 0 2,168 2,176 196 232
달 0 2,364 2,176 220 234
남 0 2,584 2,176 212 236
식 0 2,796 2,176 200 240
죠 0 2,996 2,176 222 186
누 0 3,218 2,176 222 232
노 0 3,440 2,176 222 188
먹 0 3,662 2,176 192 240
실 0 3,854 2,176 210 236
살 0 0 2,418 234 234
버 0 234 2,418 194 240
져 0 428 2,418 210 240
침 0 638 2,418 198 238
분 0 836 2,418 222 228
명 0 1,058 2,418 194 240
럼 0 1,252 2,418 192 236
못 0 1,444 2,418 222 234
께 0 1,666 2,418 218 240
입 0 1,884 2,418 192 236
였 0 2,076 2,418 218 242
발 0 2,294 2,418 220 234
년 0 2,514 2,418 190 232
죽 0 2,704 2,418 222 234
느 0 2,926 2,418 222 184
렸 0 3,148 2,418 216 242
미 0 3,364 2,418 188 240
름 0 3,552 2,418 222 232
단 0 3,774 2,418 220 232
중 0 0 2,660 222 234
올 0 222 2,660 222 236
결 0 444 2,660 210 238
계 0 654 2,660 212 240
감 0 866 2,660 230 236
눈 0 1,096 2,660 222 218
차 0 1,318 2,660 236 240
원 0 1,554 2,660 206 232
왔 0 1,760 2,660 236 242
갔 0 1,996 2,660 230 242
함 0 2,226 2,660 228 240
유 0 2,454 2,660 222 236
길 0 2,676 2,660 204 236
석 0 2,880 2,660 210 240
손 0 3,090 2,660 222 226
막 0 3,312 2,660 220 240
심 0 3,532 2,660 204 236
배 0 3,736 2,660 200 240
재 0 0 2,902 214 240
엄 0 214 2,902 198 236
처 0 412 2,902 206 240
같 0 618 2,902 230 236
연 0 848 2,902 204 232
선 0 1,052 2,902 214 232
렇 0 1,266 2,902 198 240
째 0 1,464 2,902 216 240
알 0 1,680 2,902 226 234
냥 0 1,906 2,902 212 240
양 0 2,118 2,902 226 240
조 0 2,344 2,902 222 186
크 0 2,566 2,902 222 182
울 0 2,788 2,902 222 236
워 0 3,010 2,902 210 240
랑 0 3,220 2,902 220 240
린 0 3,440 2,902 192 232
끝 0 3,632 2,902 222 230
앉 0 3,854 2,902 226 240
행 0 0 3,142 212 242
른 0 212 3,142 222 230
산 0 434 3,142 234 232
타 0 668 3,142 218 240
끼 0 886 3,142 206 240
줄 0 1,092 3,142 222 234
습 0 1,314 3,142 222 234
용 0 1,536 3,142 222 236
귀 0 1,758 3,142 206 240
벨 0 1,964 3,142 204 236
후 0 2,168 3,142 222 242
뭐 0 2,390 3,142 212 240
질 0 2,602 3,142 210 236
열 0 2,812 3,142 204 236
엔 0 3,016 3,142 212 232
잘 0 3,228 3,142 234 234
냐 0 3,462 3,142 214 240
온 0 3,676 3,142 222 224
터 0 3,898 3,142 194 240
디 0 0 3,384 190 240
참 0 190 3,384 232 238
목 0 422 3,384 222 234
통 0 644 3,384 222 234
루 0 866 3,384 222 232
또 0 1,088 3,384 222 186
곤 0 1,310 3,384 222 218
황 0 1,532 3,384 236 244
반 0 1,768 3,384 220 232
영 0 1,988 3,384 202 240
파 0 2,190 3,384 236 240
놓 0 2,426 3,384 222 236
적 0 2,648 3,384 208 240
호 0 2,856 3,384 222 210
얼 0 3,078 3,384 204 236
약 0 3,282 3,384 226 240
좋 0 3,508 3,384 222 238
씨 0 3,730 3,384 206 240
갈 0 0 3,628 230 234
큰 0 230 3,628 222 220
잠 0 452 3,628 234 236
딸 0 686 3,628 226 234
착 0 912 3,628 234 244
앞 0 1,146 3,628 226 236
형 0 1,372 3,628 206 244
란 0 1,578 3,628 220 232
매 0 1,798 3,628 200 240
혼 0 1,998 3,628 222 238
따 0 2,220 3,628 224 240
청 0 2,444 3,628 206 242
편 0 2,650 3,628 208 232
받 0 2,858 3,628 220 236
숲 0 3,078 3,628 222 234
직 0 3,300 3,628 204 240
경 0 3,504 3,628 208 240
트 0 3,712 3,628 222 186
병 1 0 0 196 240
친 1 196 0 206 232
셨 1 402 0 232 242
교 1 634 0 222 186
관 1 856 0 238 232
좀 1 1,094 0 222 230
겨 1 1,316 0 208 240
꾼 1 1,524 0 222 220
밤 1 1,746 0 220 236
꺼 1 1,966 0 208 240
애 1 2,174 0 206 240
긴 1 2,380 0 202 232
졌 1 2,582 0 226 242
잡 1 2,808 0 234 236
둘 1 3,042 0 222 234
피 1 3,264 0 202 240
된 1 3,466 0 208 234
악 1 3,674 0 226 240
왜 1 0 242 214 240
절 1 214 242 214 236
추 1 428 242 222 244
봐 1 650 242 246 240
회 1 896 242 214 242
늘 1 1,110 242 222 234
합 1 1,332 242 228 240
셔 1 1,560 242 212 240
굴 1 1,772 242 222 232
젊 1 1,994 242 208 236
락 1 2,202 242 220 240
링 1 2,422 242 190 240
준 1 2,612 242 222 220
쳤 1 2,834 242 222 244
벌 1 3,056 242 198 236
쳐 1 3,254 242 206 240
농 1 3,460 242 222 236
뒤 1 3,682 242 206 240
쪽 1 0 486 222 234
군 1 222 486 222 220
백 1 444 486 200 240
강 1 644 486 230 240
포 1 874 486 222 186
떠 1 1,096 486 196 240
천 1 1,292 486 208 232
찾 1 1,500 486 232 242
봉 1 1,732 486 222 236
짝 1 1,954 486 236 240
토 1 2,190 486 222 186
떨 1 2,412 486 198 236
베 1 2,610 486 200 240
프 1 2,810 486 222 186
본 1 3,032 486 222 228
났 1 3,254 486 222 242
쟁 1 3,476 486 212 240
창 1 3,688 486 232 240
테 1 0 728 198 240
승 1 198 728 222 238
싶 1 420 728 210 234
키 1 630 728 200 240
담 1 830 728 220 236
복 1 1,050 728 222 236
논 1 1,272 728 222 218
임 1 1,494 728 192 236
풀 1 1,686 728 222 234
깨 1 1,908 728 218 240
많 1 2,126 728 220 240
망 1 2,346 728 220 240
채 1 2,566 728 214 240
점 1 2,780 728 206 236
변 1 2,986 728 198 232
종 1 3,184 728 222 234
짜 1 3,406 728 236 240
등 1 3,642 728 222 234
초 1 3,864 728 222 208
록 1 0 968 222 238
력 1 222 968 192 240
출 1 414 968 222 240
순 1 636 968 222 226
법 1 858 968 192 236
체 1 1,050 968 214 240
밖 1 1,264 968 220 240
몸 1 1,484 968 222 230
듯 1 1,706 968 222 234
맞 1 1,928 968 220 238
외 1 2,148 968 212 240
메 1 2,360 968 200 240
릴 1 2,560 968 192 236
독 1 2,752 968 222 234
림 1 2,974 968 186 236
꼬 1 3,160 968 222 186
술 1 3,382 968 222 234
찌 1 3,604 968 208 240
밀 1 3,812 968 194 236
혀 1 0 1,208 208 240
돈 1 208 1,208 222 224
둥 1 430 1,208 222 234
희 1 652 1,208 214 242
몰 1 866 1,208 222 234
곧 1 1,088 1,208 222 230
숨 1 1,310 1,208 222 234
탁 1 1,532 1,208 220 240
빛 1 1,752 1,208 210 240
설 1 1,962 1,208 216 236
땅 1 2,178 1,208 226 240
옷 1 2,404 1,208 222 238
곳 1 2,626 1,208 222 234
골 1 2,848 1,208 222 232
돼 1 3,070 1,208 214 240
놀 1 3,284 1,208 222 234
판 1 3,506 1,208 230 232
읽 1 3,736 1,208 194 240
큼 1 0 1,450 222 230
뛰 1 222 1,450 206 240
태 1 428 1,450 200 240
언 1 628 1,450 202 232
옆 1 830 1,450 204 234
항 1 1,034 1,450 228 244
득 1 1,262 1,450 222 234
움 1 1,484 1,450 222 232
염 1 1,706 1,450 200 236
즉 1 1,906 1,450 222 234
붙 1 2,128 1,450 222 234
품 1 2,350 1,450 222 230
닥 1 2,572 1,450 220 240
궁 1 2,792 1,450 222 234
늑 1 3,014 1,450 222 236
빨 1 3,236 1,450 228 236
팔 1 3,464 1,450 230 236
평 1 3,694 1,450 208 240
될 1 0 1,694 210 238
별 1 210 1,694 198 236
족 1 408 1,694 222 234
빵 1 630 1,694 228 240
잔 1 858 1,694 234 232
슬 1 1,092 1,694 222 234
꾸 1 1,314 1,694 222 232
먼 1 1,536 1,694 196 232
향 1 1,732 1,694 226 244
충 1 1,958 1,694 222 242
쥐 1 2,180 1,694 206 240
급 1 2,386 1,694 222 230
얘 1 2,608 1,694 206 240
척 1 2,814 1,694 202 244
카 1 3,016 1,694 232 240
허 1 3,248 1,694 208 240
볼 1 3,456 1,694 222 234
넣 1 3,678 1,694 188 240
둑 1 3,866 1,694 222 234
웠 1 0 1,938 226 242
코 1 226 1,938 222 186
박 1 448 1,938 220 240
잖 1 668 1,938 234 240
옛 1 902 1,938 218 240
월 1 1,120 1,938 210 238
켜 1 1,330 1,938 208 240
뭔 1 1,538 1,938 208 230
끌 1 1,746 1,938 222 232
접 1 1,968 1,938 208 236
똑 1 2,176 1,938 222 234
힘 1 2,398 1,938 198 240
찬 1 2,596 1,938 232 232
랐 1 2,828 1,938 222 242
협 1 3,050 1,938 204 240
슴 1 3,254 1,938 222 234
검 1 3,476 1,938 202 236
쇠 1 3,678 1,938 214 240
푸 1 0 2,180 222 232
웃 1 222 2,180 222 238
글 1 444 2,180 222 232
녁 1 666 2,180 184 240
앗 1 850 2,180 226 240
곰 1 1,076 2,180 222 230
쓰 1 1,298 2,180 222 186
겁 1 1,520 2,180 204 236
털 1 1,724 2,180 198 236
색 1 1,922 2,180 212 240
뜨 1 2,134 2,180 222 184
역 1 2,356 2,180 198 240
죄 1 2,554 2,180 212 240
꽃 1 2,766 2,180 222 236
필 1 2,988 2,180 202 238
높 1 3,190 2,180 222 230
맛 1 3,412 2,180 220 240
암 1 3,632 2,180 226 236
멍 1 3,858 2,180 196 240
렀 1 0 2,420 216 242
짐 1 216 2,420 202 236
탄 1 418 2,420 220 232
현 1 638 2,420 210 238
떤 1 848 2,420 196 232
듣 1 1,044 2,420 222 230
숙 1 1,266 2,420 222 238
첫 1 1,488 2,420 216 244
넌 1 1,704 2,420 190 230
티 1 1,894 2,420 186 240
씩 1 2,080 2,420 212 240
놈 1 2,292 2,420 222 230
닌 1 2,514 2,420 186 232
율 1 2,700 2,420 222 236
견 1 2,922 2,420 208 232
쁜 1 3,130 2,420 222 226
탉 1 3,352 2,420 218 240
벽 1 3,570 2,420 192 240
헨 1 3,762 2,420 214 232
싸 1 0 2,664 234 240
씀 1 234 2,664 222 232
커 1 456 2,664 208 240
확 1 664 2,664 232 244
완 1 896 2,664 236 234
벗 1 1,132 2,664 210 240
슨 1 1,342 2,664 222 224
봤 1 1,564 2,664 236 242
쌍 1 1,800 2,664 242 240
멀 1 2,042 2,664 198 236
떻 1 2,240 2,664 200 240
표 1 2,440 2,664 222 186
덕 1 2,662 2,664 192 240
끄 1 2,854 2,664 222 184
쫓 1 3,076 2,664 222 234
투 1 3,298 2,664 222 232
꼭 1 3,520 2,664 222 234
업 1 3,742 2,664 198 236
넘 1 0 2,908 184 234
냈 1 184 2,908 216 242
밭 1 400 2,908 220 236
딱 1 620 2,908 226 240
최 1 846 2,908 214 240
근 1 1,060 2,908 222 220
김 1 1,282 2,908 198 236
축 1 1,480 2,908 222 244
환 1 1,702 2,908 232 240
젖 1 1,934 2,908 228 240
총 1 2,162 2,908 222 242
론 1 2,384 2,908 222 230
짓 1 2,606 2,908 216 240
겐 1 2,822 2,908 214 232
삼 1 3,036 2,908 234 236
민 1 3,270 2,908 192 232
학 1 3,462 2,908 228 244
칠 1 3,690 2,908 210 240
싹 1 0 3,152 242 240
찍 1 242 3,152 202 240
겼 1 444 3,152 224 242
령 1 668 3,152 196 240
깊 1 864 3,152 204 236
브 1 1,068 3,152 222 186
풍 1 1,290 3,152 222 234
컵 1 1,512 3,152 204 236
례 1 1,716 3,152 200 240
낮 1 1,916 3,152 218 236
뻐 1 2,134 3,152 208 240
텔 1 2,342 3,152 206 236
페 1 2,548 3,152 214 240
줘 1 2,762 3,152 210 240
활 1 2,972 3,152 236 244
덩 1 3,208 3,152 194 240
북 1 3,402 3,152 222 236
랬 1 3,624 3,152 218 242
써 1 3,842 3,152 212 240
격 1 0 3,396 204 240
빼 1 204 3,396 212 240
헤 1 416 3,396 210 240
뿐 1 626 3,396 222 226
뚝 1 848 3,396 222 234
뭘 1 1,070 3,396 210 238
책 1 1,280 3,396 216 240
밑 1 1,496 3,396 192 236
흐 1 1,688 3,396 222 210
늙 1 1,910 3,396 222 234
곱 1 2,132 3,396 222 230
꿈 1 2,354 3,396 222 230
험 1 2,576 3,396 202 240
춤 1 2,778 3,396 222 238
송 1 3,000 3,396 222 238
깜 1 3,222 3,396 234 236
몇 1 3,456 3,396 210 240
응 1 3,666 3,396 222 236
홀 1 0 3,636 222 242
증 1 222 3,636 222 234
련 1 444 3,636 196 232
흘 1 640 3,636 222 242
십 1 862 3,636 204 236
균 1 1,066 3,636 222 220
능 1 1,288 3,636 222 236
떡 1 1,510 3,636 192 240
존 1 1,702 3,636 222 220
잃 1 1,924 3,636 206 240
료 1 2,130 3,636 222 188
빌 1 2,352 3,636 196 236
빗 1 2,548 3,636 202 240
퍼 1 2,750 3,636 206 240
섯 1 2,956 3,636 222 240
쉬 1 3,178 3,636 208 240
즈 1 3,386 3,636 222 184
얻 1 3,608 3,636 202 236
껏 1 3,810 3,636 218 240
럽 2 0 0 192 236
깃 2 192 0 214 240
흔 2 406 0 222 238
닫 2 628 0 218 236
칼 2 846 0 230 234
흰 2 1,076 0 208 240
젤 2 1,284 0 218 236
믿 2 1,502 0 196 236
뜻 2 1,698 0 222 228
뽑 2 1,920 0 222 232
꿀 2 2,142 0 222 232
갑 2 2,364 0 230 236
릇 2 2,594 0 222 238
렌 2 2,816 0 202 232
쯤 2 3,018 0 222 230
틀 2 3,240 0 222 236
곡 2 3,462 0 222 234
멈 2 3,684 0 190 236
몽 2 0 240 222 234
덮 2 222 240 196 236
탈 2 418 240 220 234
량 2 638 240 220 240
뚜 2 858 240 222 232
및 2 1,080 240 208 240
묻 2 1,288 240 222 230
덤 2 1,510 240 192 236
씬 2 1,702 240 216 232
훨 2 1,918 240 210 242
닭 2 2,128 240 218 240
렵 2 2,346 240 192 236
캐 2 2,538 240 212 240
푼 2 2,750 240 222 220
옥 2 2,972 240 222 240
픈 2 3,194 240 222 220
힌 2 3,416 240 206 236
픔 2 3,622 240 222 230
걷 2 3,844 240 208 234
묶 2 0 482 222 234
낭 2 222 482 212 240
널 2 434 482 190 236
뭇 2 624 482 222 236
떼 2 846 482 202 240
패 2 1,048 482 210 240
펴 2 1,258 482 210 240
밝 2 1,468 482 220 240
튀 2 1,688 482 206 240
섰 2 1,894 482 232 242
엇 2 2,126 482 212 240
철 2 2,338 482 214 240
끈 2 2,552 482 222 220
육 2 2,774 482 222 240
젠 2 2,996 482 216 232
쓸 2 3,212 482 222 234
츠 2 3,434 482 222 206
둔 2 3,656 482 222 224
광 2 0 724 238 240
괴 2 238 724 216 240
쭉 2 454 724 222 234
권 2 676 724 208 232
헛 2 884 724 218 244
앙 2 1,102 724 226 240
럴 2 1,328 724 198 236
케 2 1,526 724 210 240
콩 2 1,736 724 222 232
랍 2 1,958 724 220 236
룹 2 2,178 724 222 234
찰 2 2,400 724 232 238
슈 2 2,632 724 222 236
쁘 2 2,854 724 222 188
렁 2 3,076 724 196 240
땐 2 3,272 724 206 232
억 2 3,478 724 198 240
묵 2 3,676 724 222 234
셋 2 0 968 220 240
즐 2 220 968 222 234
끔 2 442 968 222 230
엌 2 664 968 198 240
챙 2 862 968 218 240
혹 2 1,080 968 222 244
뿌 2 1,302 968 222 232
톡 2 1,524 968 222 234
잎 2 1,746 968 202 236
휘 2 1,948 968 208 242
녕 2 2,156 968 188 238
얀 2 2,344 968 226 232
갖 2 2,570 968 230 240
됐 2 2,800 968 232 242
쩌 2 3,032 968 210 240
렴 2 3,242 968 192 236
롭 2 3,434 968 222 234
핀 2 3,656 968 202 232
깔 2 3,858 968 232 236
류 2 0 1,212 222 232
샘 2 222 1,212 212 236
익 2 434 1,212 194 240
봄 2 628 1,212 222 232
잊 2 850 1,212 212 240
낸 2 1,062 1,212 196 232
텐 2 1,258 1,212 202 232
맥 2 1,460 1,212 200 240
옮 2 1,660 1,212 222 234
햇 2 1,882 1,212 218 240
밟 2 2,100 1,212 218 236
냉 2 2,318 1,212 194 240
랫 2 2,512 1,212 210 240
특 2 2,722 1,212 222 234
삶 2 2,944 1,212 234 236
폴 2 3,178 1,212 222 234
킬 2 3,400 1,212 204 236
욕 2 3,604 1,212 222 240
빈 2 3,826 1,212 194 232
됨 2 0 1,452 204 236
쩍 2 204 1,452 210 240
흥 2 414 1,452 222 242
냄 2 636 1,452 192 236
맡 2 828 1,452 220 236
숭 2 1,048 1,452 222 238
엘 2 1,270 1,452 214 236
뿔 2 1,484 1,452 222 236
굽 2 1,706 1,452 222 230
짚 2 1,928 1,452 212 234
엉 2 2,140 1,452 202 240
쁨 2 2,342 1,452 222 232
릿 2 2,564 1,452 200 240
쏘 2 2,764 1,452 222 188
걱 2 2,986 1,452 204 240
닿 2 3,190 1,452 218 240
붕 2 3,408 1,452 222 236
낼 2 3,630 1,452 198 236
렐 2 3,828 1,452 206 236
벤 2 0 1,694 202 232
켰 2 202 1,694 224 242
밥 2 426 1,694 220 236
릭 2 646 1,694 188 240
삐 2 834 1,694 208 240
흡 2 1,042 1,694 222 240
층 2 1,264 1,694 222 242
씻 2 1,486 1,694 230 240
맨 2 1,716 1,694 202 232
릎 2 1,918 1,694 222 232
웅 2 2,140 1,694 222 236
블 2 2,362 1,694 222 234
왼 2 2,584 1,694 208 234
싫 2 2,792 1,694 212 240
슉 2 3,004 1,694 222 238
굶 2 3,226 1,694 222 230
퀴 2 3,448 1,694 206 240
뚱 2 3,654 1,694 222 232
훔 2 0 1,936 222 240
룻 2 222 1,936 222 240
쩔 2 444 1,936 216 236
센 2 660 1,936 214 232
틈 2 874 1,936 222 230
클 2 1,096 1,936 222 234
갇 2 1,318 1,936 228 234
덜 2 1,546 1,936 198 236
탑 2 1,744 1,936 220 236
붓 2 1,964 1,936 222 238
찢 2 2,186 1,936 218 238
롱 2 2,404 1,936 222 238
옹 2 2,626 1,936 222 236
뻤 2 2,848 1,936 220 242
솟 2 3,068 1,936 222 236
붉 2 3,290 1,936 222 236
혔 2 3,512 1,936 222 244
값 2 3,734 1,936 224 240
넙 2 0 2,180 184 234
옵 2 184 2,180 222 232
룩 2 406 2,180 222 238
꼴 2 628 2,180 222 234
좆 2 850 2,180 222 232
쑥 2 1,072 2,180 222 236
턴 2 1,294 2,180 196 232
혜 2 1,490 2,180 214 240
깡 2 1,704 2,180 234 240
첼 2 1,938 2,180 222 238
끗 2 2,160 2,180 222 232
낙 2 2,382 2,180 212 240
취 2 2,594 2,180 208 242
뼈 2 2,802 2,180 208 240
낯 2 3,010 2,180 214 238
쌓 2 3,224 2,180 238 240
럭 2 3,462 2,180 192 240
콘 2 3,654 2,180 222 218
삭 2 0 2,422 234 240
숯 2 234 2,422 222 238
딴 2 456 2,422 226 230
쿨 2 682 2,422 222 234
짹 2 904 2,422 214 240
플 2 1,118 2,422 222 234
쪼 2 1,340 2,422 222 186
잣 2 1,562 2,422 234 240
탕 2 1,796 2,422 220 240
됩 2 2,016 2,422 204 236
측 2 2,220 2,422 222 244
랄 2 2,442 2,422 220 234
뜰 2 2,662 2,422 222 232
섭 2 2,884 2,422 210 236
톱 2 3,094 2,422 222 232
눕 2 3,316 2,422 222 230
땔 2 3,538 2,422 208 236
춰 2 3,746 2,422 210 242
쿠 2 0 2,666 222 230
껑 2 222 2,666 210 240
쉽 2 432 2,666 200 236
뇨 2 632 2,666 222 188
힐 2 854 2,666 204 244
휴 2 1,058 2,666 222 242
녹 2 1,280 2,666 222 236
넓 2 1,502 2,666 184 236
똥 2 1,686 2,666 222 232
뻔 2 1,908 2,666 206 232
닐 2 2,114 2,666 188 236
촛 2 2,302 2,666 222 242
썩 2 2,524 2,666 216 240
빙 2 2,740 2,666 192 240
낚 2 2,932 2,666 212 240
폭 2 3,144 2,666 222 234
녔 2 3,366 2,666 216 242
납 2 3,582 2,666 212 236
찮 2 3,794 2,666 232 244
킨 2 0 2,910 204 232
벙 2 204 2,910 196 240
낌 2 400 2,910 200 236
멧 2 600 2,910 208 240
객 2 808 2,910 212 240
엿 2 1,020 2,910 212 240
맹 2 1,232 2,910 200 240
뒷 2 1,432 2,910 230 238
쎄 2 1,662 2,910 216 240
극 2 1,878 2,910 222 234
탐 2 2,100 2,910 220 236
콤 2 2,320 2,910 222 230
팡 2 2,542 2,910 230 240
꿔 2 2,772 2,910 210 240
벼 2 2,982 2,910 194 240
끊 2 3,176 2,910 222 234
컥 2 3,398 2,910 204 240
훌 2 3,602 2,910 222 242
뜩 2 3,824 2,910 222 234
릅 2 0 3,152 222 234
롯 2 222 3,152 222 238
낫 2 444 3,152 214 240
띠 2 658 3,152 190 240
흩 2 848 3,152 222 242
홍 2 1,070 3,152 222 242
펼 2 1,292 3,152 210 238
닦 2 1,502 3,152 220 240
읍 2 1,722 3,152 222 232
솔 2 1,944 3,152 222 234
랜 2 2,166 3,152 204 232
짖 2 2,370 3,152 222 240
뻗 2 2,592 3,152 206 234
푹 2 2,798 3,152 222 234
뱀 2 3,020 3,152 200 236
듬 2 3,220 3,152 222 230
껍 2 3,442 3,152 206 236
껴 2 3,648 3,152 208 240
솜 2 3,856 3,152 222 234
댔 2 0 3,394 216 242
낳 2 216 3,394 210 240
튼 2 426 3,394 222 226
낡 2 648 3,394 210 240
찔 2 858 3,394 208 236
렬 2 1,066 3,394 198 236
잤 2 1,264 3,394 234 242
폐 2 1,498 3,394 214 240
쇼 2 1,712 3,394 222 192
멋 2 1,934 3,394 204 240
닷 2 2,138 3,394 220 240
범 2 2,358 3,394 192 236
몹 2 2,550 3,394 222 230
랭 2 2,772 3,394 202 240
흙 2 2,974 3,394 222 244
끓 2 3,196 3,394 222 234
률 2 3,418 3,394 222 236
멘 2 3,640 3,394 202 232
줌 2 3,842 3,394 222 230
규 2 0 3,638 222 230
쏟 2 222 3,638 222 230
몫 2 444 3,638 222 236
턱 2 666 3,638 192 240
땡 2 858 3,638 204 240
졸 2 1,062 3,638 222 234
늦 2 1,284 3,638 222 232
섬 2 1,506 3,638 208 236
괜 2 1,714 3,638 216 230
헌 2 1,930 3,638 210 238
줍 2 2,140 3,638 222 230
솥 2 2,362 3,638 222 234
팬 2 2,584 3,638 216 232
쏙 2 2,800 3,638 222 236
뜯 2 3,022 3,638 222 224
맙 2 3,244 3,638 220 236
낄 2 3,464 3,638 206 236
둠 2 3,670 3,638 222 230
꽂 3 0 0 222 232
웬 3 222 0 214 234
좌 3 436 0 244 240
콕 3 680 0 222 234
닙 3 902 0 184 234
뿜 3 1,086 0 222 232
핰 3 1,308 0 228 244
쫄 3 1,536 0 222 234
롤 3 1,758 0 222 236
싼 3 1,980 0 242 232
눠 3 2,222 0 212 240
퉁 3 2,434 0 222 234
맑 3 2,656 0 218 240
뚫 3 2,874 0 222 236
꺽 3 3,096 0 206 240
쨌 3 3,302 0 230 242
잿 3 3,532 0 220 240
택 3 3,752 0 200 240
텅 3 0 244 194 240
쓴 3 194 244 222 226
닢 3 416 244 190 234
획 3 606 244 204 244
흠 3 810 244 222 240
둬 3 1,032 244 212 240
션 3 1,244 244 214 232
샤 3 1,458 244 238 240
념 3 1,696 244 184 234
핏 3 1,880 244 210 240
쿵 3 2,090 244 222 232
웨 3 2,312 244 212 240
팽 3 2,524 244 214 240
쾌 3 2,738 244 214 240
얹 3 2,952 244 212 240
휙 3 3,164 244 204 244
댕 3 3,368 244 200 240
겹 3 3,568 244 204 236
꽁 3 3,772 244 222 234
쿄 3 0 488 222 186
콸 3 222 488 234 236
엑 3 456 488 208 240
꿇 3 664 488 222 234
윙 3 886 488 206 240
홉 3 1,092 488 222 240
툭 3 1,314 488 222 234
곁 3 1,536 488 208 236
탔 3 1,744 488 222 242
끟 3 1,966 488 222 238
뱅 3 2,188 488 200 240
냇 3 2,388 488 202 240
립 3 2,590 488 186 236
넬 3 2,776 488 198 236
굳 3 2,974 488 222 228
촉 3 3,196 488 222 244
줬 3 3,418 488 224 242
훈 3 3,642 488 222 238
긋 3 3,864 488 222 234
쾅 3 0 732 238 240
콜 3 238 732 222 234
뱉 3 460 732 204 236
탓 3 664 732 220 240
징 3 884 732 208 240
땀 3 1,092 732 226 236
맷 3 1,318 732 208 240
걀 3 1,526 732 230 234
딜 3 1,756 732 192 236
꿰 3 1,948 732 214 240
램 3 2,162 732 200 236
칭 3 2,362 732 202 242
욱 3 2,564 732 222 240
겔 3 2,786 732 218 236
뭉 3 3,004 732 222 234
뢰 3 3,226 732 214 240
륭 3 3,440 732 222 238
뛸 3 3,662 732 210 238
닮 3 3,872 732 218 236
덧 3 0 974 210 240
얗 3 210 974 226 240
셉 3 436 974 212 236
슐 3 648 974 222 234
멸 3 870 974 198 236
촌 3 1,068 974 222 234
갓 3 1,290 974 228 240
빡 3 1,518 974 230 240
멩 3 1,748 974 202 240
윤 3 1,950 974 222 224
꽥 3 2,172 974 212 240
묘 3 2,384 974 222 186
싱 3 2,606 974 208 240
듭 3 2,814 974 222 230
밌 3 3,036 974 216 242
샐 3 3,252 974 218 236
꽉 3 3,470 974 236 240
춘 3 3,706 974 222 234
압 3 0 1,216 226 236
잼 3 226 1,216 210 236
쵸 3 436 1,216 222 208
핫 3 658 1,216 228 244
뺨 3 886 1,216 230 236
딪 3 1,116 1,216 206 238
닉 3 1,322 1,216 182 240
짧 3 1,504 1,216 234 236
돋 3 1,738 1,216 222 230
딩 3 1,960 1,216 190 240
몬 3 2,150 1,216 222 220
겪 3 2,372 1,216 204 240
쩡 3 2,576 1,216 214 240
맺 3 2,790 1,216 218 236
꺾 3 3,008 1,216 204 240
슭 3 3,212 1,216 222 238
옴 3 3,434 1,216 222 232
쭈 3 3,656 1,216 222 232
꼼 3 0 1,460 222 230
첨 3 222 1,460 202 238
펑 3 424 1,460 206 240
효 3 630 1,460 222 212
펄 3 852 1,460 210 238
댓 3 1,062 1,460 208 240
떴 3 1,270 1,460 216 242
쐐 3 1,486 1,460 218 240
므 3 1,704 1,460 222 184
엽 3 1,926 1,460 198 234
팅 3 2,124 1,460 190 240
볕 3 2,314 1,460 198 236
덥 3 2,512 1,460 192 236
흉 3 2,704 1,460 222 242
딨 3 2,926 1,460 216 242
븐 3 3,142 1,460 222 224
웰 3 3,364 1,460 216 238
짊 3 3,580 1,460 204 236
뜬 3 3,784 1,460 222 224
깐 3 0 1,702 232 232
솨 3 232 1,702 240 240
렛 3 472 1,702 208 240
콧 3 680 1,702 222 234
굉 3 902 1,702 206 238
댁 3 1,108 1,702 200 240
갚 3 1,308 1,702 230 234
컨 3 1,538 1,702 208 232
껌 3 1,746 1,702 204 236
깍 3 1,950 1,702 234 240
앓 3 2,184 1,702 226 240
벅 3 2,410 1,702 192 240
굿 3 2,602 1,702 222 234
눌 3 2,824 1,702 222 234
꿍 3 3,046 1,702 222 234
엾 3 3,268 1,702 222 240
덟 3 3,490 1,702 192 234
뾰 3 3,682 1,702 222 190
폰 3 0 1,942 222 220
옳 3 222 1,942 222 238
컸 3 444 1,942 224 242
쉿 3 668 1,942 222 238
낀 3 890 1,942 208 232
폈 3 1,098 1,942 222 242
헝 3 1,320 1,942 206 244
퇴 3 1,526 1,942 216 240
괭 3 1,742 1,942 216 240
겸 3 1,958 1,942 202 236
넨 3 2,160 1,942 192 230
꽤 3 2,352 1,942 218 240
펠 3 2,570 1,942 218 236
뉴 3 2,788 1,942 222 232
곯 3 3,010 1,942 222 236
씌 3 3,232 1,942 214 240
슷 3 3,446 1,942 222 236
끙 3 3,668 1,942 222 234
킹 3 3,890 1,942 202 240
꼈 3 0 2,186 224 242
띄 3 224 2,186 216 240
탱 3 440 2,186 200 240
렷 3 640 2,186 204 240
넸 3 844 2,186 216 242
빴 3 1,060 2,186 228 242
숫 3 1,288 2,186 222 238
첩 3 1,510 2,186 202 238
핑 3 1,712 2,186 202 238
찼 3 1,914 2,186 232 244
칫 3 2,146 2,186 212 244
궤 3 2,358 2,186 214 240
뿍 3 2,572 2,186 222 238
빅 3 2,794 2,186 190 240
잇 3 2,984 2,186 208 240
좁 3 3,192 2,186 222 230
짤 3 3,414 2,186 234 236
갯 3 3,648 2,186 222 240
쬐 3 3,870 2,186 208 240
빚 3 0 2,430 208 240
잽 3 208 2,430 210 236
딘 3 418 2,430 192 232
걍 3 610 2,430 230 240
혈 3 840 2,430 208 244
츰 3 1,048 2,430 222 238
퐁 3 1,270 2,430 222 234
핥 3 1,492 2,430 228 244
핍 3 1,720 2,430 198 236
컹 3 1,918 2,430 210 240
찐 3 2,128 2,430 208 232
쩐 3 2,336 2,430 216 232
룸 3 2,552 2,430 222 232
팍 3 2,774 2,430 230 240
멕 3 3,004 2,430 200 240
퍽 3 3,204 2,430 202 240
꾹 3 3,406 2,430 222 234
넷 3 3,628 2,430 206 238
풉 3 3,834 2,430 222 230
긁 3 0 2,674 222 234
쨍 3 222 2,674 214 240
뺏 3 436 2,674 218 240
쉴 3 654 2,674 208 238
챔 3 862 2,674 216 236
갛 3 1,078 2,674 230 240
둣 3 1,308 2,674 222 236
왠 3 1,530 2,674 220 232
펐 3 1,750 2,674 222 242
꾀 3 1,972 2,674 212 240
앵 3 2,184 2,674 210 240
멜 3 2,394 2,674 206 236
셈 3 2,600 2,674 212 236
액 3 2,812 2,674 208 240
팝 3 3,020 2,674 230 236
캬 3 3,250 2,674 232 240
놔 3 3,482 2,674 244 240
컬 3 3,726 2,674 210 236
롬 3 0 2,916 222 232
뽀 3 222 2,916 222 190
늬 3 444 2,916 216 240
짱 3 660 2,916 234 240
뻑 3 894 2,916 200 240
씹 3 1,094 2,916 212 236
볍 3 1,306 2,916 192 236
뷰 3 1,498 2,916 222 234
닝 3 1,720 2,916 184 238
벳 3 1,904 2,916 208 240
쌀 3 2,112 2,916 242 234
겉 3 2,354 2,916 208 236
략 3 2,562 2,916 220 240
찜 3 2,782 2,916 202 236
홈 3 2,984 2,916 222 240
컴 3 3,206 2,916 204 236
흑 3 3,410 2,916 222 244
륵 3 3,632 2,916 222 238
싣 3 3,854 2,916 208 236
펜 3 0 3,160 214 232
틸 3 214 3,160 192 236
돕 3 406 3,160 222 230
곽 3 628 3,160 238 240
팀 3 866 3,160 186 236
쓱 3 1,052 3,160 222 236
맣 3 1,274 3,160 218 240
겊 3 1,492 3,160 208 236
젬 3 1,700 3,160 214 236
썼 3 1,914 3,160 236 242
쩜 3 2,150 3,160 210 236
쁠 3 2,360 3,160 222 236
슛 3 2,582 3,160 222 238
젯 3 2,804 3,160 220 240
댸 3 3,024 3,160 200 240
궂 3 3,224 3,160 222 234
즘 3 3,446 3,160 222 230
젓 3 3,668 3,160 222 240
샀 3 0 3,402 234 242
넜 3 234 3,402 216 242
짙 3 450 3,402 210 238
섑 3 660 3,402 212 236
땋 3 872 3,402 222 240
깬 3 1,094 3,402 216 232
녜 3 1,310 3,402 192 240
걨 3 1,502 3,402 230 242
휩 3 1,732 3,402 202 242
늪 3 1,934 3,402 222 230
쿡 3 2,156 3,402 222 234
쌔 3 2,378 3,402 216 240
샹 3 2,594 3,402 234 240
칩 3 2,828 3,402 198 238
냅 3 3,026 3,402 192 236
랗 3 3,218 3,402 218 240
냬 3 3,436 3,402 196 240
엎 3 3,632 3,402 204 236
팩 3 3,836 3,402 212 240
홰 3 0 3,644 216 240
얌 3 216 3,644 226 236
팠 3 442 3,644 230 242
갉 3 672 3,644 230 240
껄 3 902 3,644 210 236
헐 3 1,112 3,644 208 244
쑤 3 1,320 3,644 222 234
맸 3 1,542 3,644 216 242
킁 3 1,758 3,644 222 234
싯 3 1,980 3,644 216 240
쿼 3 2,196 3,644 210 240
샅 3 2,406 3,644 234 236
켈 3 2,640 3,644 218 236
챘 3 2,858 3,644 234 242
겝 3 3,092 3,644 212 236
쥔 3 3,304 3,644 206 232
놨 3 3,510 3,644 230 242
랙 3 3,740 3,644 200 240
돛 4 0 0 222 232
쯧 4 222 0 222 232
앤 4 444 0 212 232
딛 4 656 0 192 236
봅 4 848 0 222 232
뻘 4 1,070 0 208 236
깝 4 1,278 0 234 236
륙 4 1,512 0 222 238
릉 4 1,734 0 222 238
짠 4 1,956 0 234 232
긍 4 2,190 0 222 234
횡 4 2,412 0 212 244
챠 4 2,624 0 238 240
툴 4 2,862 0 222 236
깽 4 3,084 0 214 240
꼽 4 3,298 0 222 230
냔 4 3,520 0 212 232
뭡 4 3,732 0 204 236
튜 4 0 244 222 232
캡 4 222 244 212 236
멤 4 434 244 200 236
샛 4 634 244 220 240
댈 4 854 244 206 236
섞 4 1,060 244 210 240
삽 4 1,270 244 234 236
꼌 4 1,504 244 206 240
빤 4 1,710 244 230 234
녘 4 1,940 244 184 240
엮 4 2,124 244 198 240
융 4 2,322 244 222 236
깎 4 2,544 244 234 240
틴 4 2,778 244 192 232
꼿 4 2,970 244 222 234
깥 4 3,192 244 232 236
덴 4 3,424 244 202 232
쏴 4 3,626 244 244 240
혁 4 3,870 244 202 244
낟 4 0 488 210 234
넋 4 210 488 206 242
퓨 4 416 488 222 232
핵 4 638 488 210 242
갗 4 848 488 230 240
셀 4 1,078 488 218 236
폼 4 1,296 488 222 230
즙 4 1,518 488 222 230
뻣 4 1,740 488 220 238
뒀 4 1,960 488 226 242
풋 4 2,186 488 222 236
꿨 4 2,408 488 224 242
냠 4 2,632 488 212 236
볶 4 2,844 488 222 236
샼 4 3,066 488 234 240
깟 4 3,300 488 234 240
핳 4 3,534 488 228 242
룡 4 3,762 488 222 238
윗 4 0 730 224 240
샵 4 224 730 234 236
델 4 458 730 206 236
곀 4 664 730 204 240
맴 4 868 730 200 236
펨 4 1,068 730 212 236
뺄 4 1,280 730 208 236
뎁 4 1,488 730 200 236
숟 4 1,688 730 222 234
켄 4 1,910 730 216 232
훗 4 2,126 730 222 246
뜸 4 2,348 730 222 226
춥 4 2,570 730 222 240
룰 4 2,792 730 222 236
톤 4 3,014 730 222 226
킷 4 3,236 730 216 240
윽 4 3,452 730 222 240
쇄 4 3,674 730 214 240
뇌 4 0 976 216 240
킴 4 216 976 200 236
죵 4 416 976 222 234
횃 4 638 976 234 242
쉼 4 872 976 204 236
쥘 4 1,076 976 208 238
쫑 4 1,284 976 222 234
뤄 4 1,506 976 212 240
맘 4 1,718 976 220 236
귓 4 1,938 976 222 236
둡 4 2,160 976 222 230
갤 4 2,382 976 218 236
딥 4 2,600 976 186 236
앨 4 2,786 976 214 236
뎌 4 3,000 976 194 240
얏 4 3,194 976 226 240
띤 4 3,420 976 194 232
궐 4 3,614 976 208 238
펀 4 3,822 976 208 232
쏠 4 0 1,218 222 234
뽐 4 222 1,218 222 232
랴 4 444 1,218 220 240
텍 4 664 1,218 200 240
툰 4 864 1,218 222 226
잉 4 1,086 1,218 194 240
듀 4 1,280 1,218 222 232
넉 4 1,502 1,218 184 240
땠 4 1,686 1,218 220 242
뒹 4 1,906 1,218 208 240
왁 4 2,114 1,218 238 240
밋 4 2,352 1,218 204 240
럿 4 2,556 1,218 204 240
칙 4 2,760 1,218 200 244
혐 4 2,960 1,218 202 240
떵 4 3,162 1,218 196 240
벚 4 3,358 1,218 212 240
탭 4 3,570 1,218 200 236
촬 4 3,770 1,218 234 240
윈 4 0 1,462 210 234
왤 4 210 1,462 222 238
썰 4 432 1,462 222 236
뵙 4 654 1,462 204 236
톨 4 858 1,462 222 236
얕 4 1,080 1,462 226 236
넵 4 1,306 1,462 192 234
펩 4 1,498 1,462 212 236
굵 4 1,710 1,462 222 234
펫 4 1,932 1,462 220 240
촘 4 2,152 1,462 222 238
컷 4 2,374 1,462 218 240
뀌 4 2,592 1,462 210 240
칵 4 2,802 1,462 230 240
삿 4 3,032 1,462 234 240
쉰 4 3,266 1,462 200 232
뱃 4 3,466 1,462 208 240
씽 4 3,674 1,462 216 240
햄 4 0 1,702 210 238
콥 4 210 1,702 222 230
꿎 4 432 1,702 222 234
눔 4 654 1,702 222 230
띨 4 876 1,702 196 236
탯 4 1,072 1,702 208 240
걔 4 1,280 1,702 212 240
댄 4 1,492 1,702 202 232
쇳 4 1,694 1,702 218 236
읊 4 1,912 1,702 222 236
훑 4 2,134 1,702 222 244
쾍 4 2,356 1,702 216 240
뗄 4 2,572 1,702 208 236
쫙 4 2,780 1,702 238 240
뉘 4 3,018 1,702 208 240
쿤 4 3,226 1,702 222 222
쪘 4 3,448 1,702 230 242
괄 4 3,678 1,702 234 236
떄 4 0 1,946 204 240
핸 4 204 1,946 212 232
틱 4 416 1,946 186 240
켤 4 602 1,946 210 236
훼 4 812 1,946 214 240
챌 4 1,026 1,946 222 238
뺐 4 1,248 1,946 220 242
똘 4 1,468 1,946 222 232
끍 4 1,690 1,946 222 236
듦 4 1,912 1,946 222 232
캄 4 2,134 1,946 230 236
뺀 4 2,364 1,946 208 232
쌈 4 2,572 1,946 242 236
웁 4 2,814 1,946 222 232
랠 4 3,036 1,946 206 236
묽 4 3,242 1,946 222 238
닳 4 3,464 1,946 216 240
돔 4 3,680 1,946 222 230
깼 4 0 2,188 230 242
쌌 4 230 2,188 242 242
얇 4 472 2,188 226 236
뀐 4 698 2,188 206 230
뛴 4 904 2,188 206 234
밧 4 1,110 2,188 220 240
템 4 1,330 2,188 200 236
툼 4 1,530 2,188 222 230
셜 4 1,752 2,188 216 236
잦 4 1,968 2,188 234 238
즌 4 2,202 2,188 222 220
뼛 4 2,424 2,188 220 238
셌 4 2,644 2,188 228 242
뽕 4 2,872 2,188 222 238
믹 4 3,094 2,188 188 240
쏜 4 3,282 2,188 222 222
쫀 4 3,504 2,188 222 220
킥 4 3,726 2,188 198 240
섣 4 0 2,430 212 236
뤼 4 212 2,430 206 240
뿅 4 418 2,430 222 238
팻 4 640 2,430 222 240
갱 4 862 2,430 214 240
썬 4 1,076 2,430 218 232
뵈 4 1,294 2,430 216 240
덫 4 1,510 2,430 210 240
헹 4 1,720 2,430 214 242
샜 4 1,934 2,430 228 242
낱 4 2,162 2,430 212 236
엥 4 2,374 2,430 212 240
쐬 4 2,586 2,430 214 240
몄 4 2,800 2,430 216 242
픽 4 3,016 2,430 198 240
욥 4 3,214 2,430 222 232
꺝 4 3,436 2,430 234 238
넝 4 3,670 2,430 188 238
썽 4 3,858 2,430 220 240
맬 4 0 2,672 206 236
놋 4 206 2,672 222 232
껐 4 428 2,672 224 242
튄 4 652 2,672 206 234
띔 4 858 2,672 204 234
씐 4 1,062 2,672 210 230
낏 4 1,272 2,672 216 240
헼 4 1,488 2,672 212 242
꺠 4 1,700 2,672 216 240
텄 4 1,916 2,672 216 242
숱 4 2,132 2,672 222 234
뎀 4 2,354 2,672 200 236
댜 4 2,554 2,672 214 240
밉 4 2,768 2,672 186 236
얄 4 2,954 2,672 226 234
쭙 4 3,180 2,672 222 230
뭬 4 3,402 2,672 212 240
뷸 4 3,614 2,672 222 234
엠 4 3,836 2,672 208 236
랩 4 0 2,914 200 236
쯔 4 200 2,914 222 184
샌 4 422 2,914 214 232
쌘 4 636 2,914 220 232
캔 4 856 2,914 214 232
틋 4 1,070 2,914 222 234
뻥 4 1,292 2,914 200 238
멓 4 1,492 2,914 198 240
욉 4 1,690 2,914 204 236
쌉 4 1,894 2,914 242 236
왓 4 2,136 2,914 238 240
갰 4 2,374 2,914 230 242
맵 4 2,604 2,914 200 236
찹 4 2,804 2,914 232 238
튕 4 3,036 2,914 208 240
뎠 4 3,244 2,914 216 242
쩨 4 3,460 2,914 216 240
큐 4 3,676 2,914 222 230
쑹 4 0 3,156 222 236
뭣 4 222 3,156 224 240
낑 4 446 3,156 206 240
먀 4 652 3,156 220 240
밸 4 872 3,156 204 236
딮 4 1,076 3,156 196 236
슝 4 1,272 3,156 222 238
댐 4 1,494 3,156 200 236
땄 4 1,694 3,156 226 242
꽝 4 1,920 3,156 236 240
쥬 4 2,156 3,156 222 232
룬 4 2,378 3,156 222 230
늉 4 2,600 3,156 222 236
겜 4 2,822 3,156 214 236
핌 4 3,036 3,156 196 236
뎃 4 3,232 3,156 208 240
롸 4 3,440 3,156 242 240
뭄 4 3,682 3,156 222 230
훕 4 0 3,398 222 240
컄 4 222 3,398 232 240
빔 4 454 3,398 190 236
뮤 4 644 3,398 222 232
돠 4 866 3,398 244 240
텀 4 1,110 3,398 192 236
랔 4 1,302 3,398 220 240
츄 4 1,522 3,398 222 244
륜 4 1,744 3,398 222 230
땜 4 1,966 3,398 202 236
엷 4 2,168 3,398 198 236
멱 4 2,366 3,398 192 240
잵 4 2,558 3,398 210 240
븅 4 2,768 3,398 222 236
왈 4 2,990 3,398 234 238
쉐 4 3,224 3,398 214 240
캠 4 3,438 3,398 212 236
됀 4 3,650 3,398 220 230
겆 4 3,870 3,398 222 240
졋 4 0 3,642 220 240
퍅 4 220 3,642 228 240
줏 4 448 3,642 222 236
귈 4 670 3,642 204 236
뻇 4 874 3,642 212 240
볏 4 1,086 3,642 204 240
얽 4 1,290 3,642 198 240
짼 4 1,488 3,642 216 232
혓 4 1,704 3,642 218 244
얬 4 1,922 3,642 224 242
뵐 4 2,146 3,642 210 238
븡 4 2,356 3,642 222 236
괌 4 2,578 3,642 238 236
뼉 4 2,816 3,642 200 240
퇘 4 3,016 3,642 214 240
콰 4 3,230 3,642 244 240
핼 4 3,474 3,642 216 240
붐 4 3,690 3,642 222 232
옜 5 0 0 228 242
딤 5 228 0 186 236
꺅 5 414 0 234 240
휜 5 648 0 208 240
묏 5 856 0 220 238
썹 5 1,076 0 216 236
췄 5 1,292 0 224 246
쳣 5 1,516 0 216 240
꽗 5 1,732 0 234 244
꿉 5 1,966 0 222 230
렉 5 2,188 0 200 240
뢴 5 2,388 0 206 234
쌕 5 2,594 0 218 240
눅 5 2,812 0 222 236
쌩 5 3,034 0 218 240
휠 5 3,252 0 212 244
덱 5 3,464 0 200 240
찡 5 3,664 0 206 240
욘 5 3,870 0 222 224
맏 5 0 246 218 234
쬘 5 218 246 210 238
갸 5 428 246 232 240
넛 5 660 246 204 236
벴 5 864 246 216 242
팼 5 1,080 246 230 242
롣 5 1,310 246 222 236
짰 5 1,532 246 234 242
톰 5 1,766 246 222 230
뤠 5 1,988 246 212 240
겅 5 2,200 246 208 240
쯩 5 2,408 246 222 234
훅 5 2,630 246 222 244
뙤 5 2,852 246 216 240
빱 5 3,068 246 228 234
읕 5 3,296 246 222 234
셴 5 3,518 246 214 232
숴 5 3,732 246 210 240
젝 5 0 490 212 240
췬 5 212 490 210 234
픕 5 422 490 222 230
겄 5 644 490 224 242
쩝 5 868 490 210 236
썸 5 1,078 490 216 236
헷 5 1,294 490 220 240
앳 5 1,514 490 218 240
렘 5 1,732 490 200 236
틔 5 1,932 490 216 240
섕 5 2,148 490 212 240
먿 5 2,360 490 196 234
꼻 5 2,556 490 222 234
궜 5 2,778 490 226 242
눗 5 3,004 490 222 236
잰 5 3,226 490 214 232
랏 5 3,440 490 220 240
땨 5 3,660 490 222 240
빕 5 3,882 490 190 236
깁 5 0 732 198 236
샥 5 198 732 234 240
슥 5 432 732 222 238
텨 5 654 732 194 240
꾐 5 848 732 202 234
뚤 5 1,050 732 222 232
늠 5 1,272 732 222 230
긱 5 1,494 732 198 240
밍 5 1,692 732 190 240
홑 5 1,882 732 222 244
찻 5 2,104 732 232 242
엊 5 2,336 732 214 240
휭 5 2,550 732 212 244
옻 5 2,762 732 222 238
앟 5 2,984 732 226 240
꽈 5 3,210 732 244 240
굻 5 3,454 732 222 234
딧 5 3,676 732 200 240
뇽 5 0 976 222 236
쭘 5 222 976 222 230
샴 5 444 976 234 236
닻 5 678 976 220 238
뽈 5 898 976 222 236
튿 5 1,120 976 222 230
삥 5 1,342 976 200 238
쎈 5 1,542 976 220 232
밁 5 1,762 976 192 240
곪 5 1,954 976 222 230
휑 5 2,176 976 220 244
칸 5 2,396 976 230 232
낵 5 2,626 976 192 240
혿 5 2,818 976 222 244
쥑 5 3,040 976 204 240
짭 5 3,244 976 234 236
씁 5 3,478 976 222 232
밈 5 3,700 976 186 236
겟 5 0 1,220 222 240
엣 5 222 1,220 218 240
풱 5 440 1,220 210 240
쨰 5 650 1,220 214 240
큘 5 864 1,220 222 234
슽 5 1,086 1,220 222 234
륀 5 1,308 1,220 206 234
귤 5 1,514 1,220 222 228
닡 5 1,736 1,220 190 238
퓡 5 1,926 1,220 206 240
뤧 5 2,132 1,220 222 236
밷 5 2,354 1,220 200 236
윋 5 2,554 1,220 206 238
웙 5 2,760 1,220 206 242
릔 5 2,966 1,220 206 234
쑈 5 3,172 1,220 222 188
읜 5 3,394 1,220 208 234
퀵 5 3,602 1,220 202 240
퀼 5 3,804 1,220 204 236
챗 5 0 1,462 226 240
퓌 5 226 1,462 210 240
뿡 5 436 1,462 222 238
믐 5 658 1,462 222 230
쫘 5 880 1,462 244 240
쫗 5 1,124 1,462 222 244
캣 5 1,346 1,462 220 240
뗏 5 1,566 1,462 210 240
쥰 5 1,776 1,462 222 220
힙 5 1,998 1,462 198 240
띓 5 2,196 1,462 210 244
쥵 5 2,406 1,462 222 234
뮬 5 2,628 1,462 222 234
텁 5 2,850 1,462 192 236
챈 5 3,042 1,462 220 232
맟 5 3,262 1,462 220 240
탬 5 3,482 1,462 200 236
뭰 5 3,682 1,462 216 234
횟 5 0 1,706 226 244
벡 5 226 1,706 200 240
캘 5 426 1,706 218 236
쿰 5 644 1,706 222 230
훤 5 866 1,706 208 236
얜 5 1,074 1,706 212 232
펙 5 1,286 1,706 212 240
믄 5 1,498 1,706 222 218
렙 5 1,720 1,706 200 236
쫜 5 1,920 1,706 236 234
줫 5 2,156 1,706 228 242
퐥 5 2,384 1,706 216 240
텼 5 2,600 1,706 216 242
캉 5 2,816 1,706 230 240
꼇 5 3,046 1,706 218 240
깰 5 3,264 1,706 218 236
짬 5 3,482 1,706 234 236
뀜 5 3,716 1,706 202 234
